# fifteen <- 7+8
# apple <- "apple"
# product <- fifteen*9

2465*114
51687/63
thirteen <- 5+8
two.three <- 5+5
